3.368432676849938
3.24319057293854
2.744913907389528
2.447219359882953
1.9160400017444148
1.8665289766936453
1.8036089559146147
1.5905972155413581
1.5700002257105845
1.4489362392597223
1.4173459595426807
1.4146180956395826
1.3959068497254317
1.2883926347686974
1.284681751849117
1.268876596640596
1.268876596640596
1.1902430001806297
1.1497894948914569
1.1256808898003614
1.1237685445365098
1.069148581527647
1.0605163822472519
1.0082877449869507
1.0061735329995736
1.0
1.0
1.0
1.0
1.0
1.0
1.0
1.0
1.0
1.0
1.0
1.0
1.0
1.0
1.0
1.0
1.0
1.0
1.0
1.0
0.9967243203519127
0.9898211323056274
0.9898211323056274
0.9898211323056274
0.9881621592089254
0.9848553838096941
0.9723987411347434
0.9520916117193754
0.9471258632234423
0.9471258632234423
0.9471258632234423
0.9429794346655866
0.9429794346655866
0.9073362710681508
